-1 -2
-2 -2 -3
-2
-3 -4
-3 -5
-4 19 -6 20
-6 -7
-7 1 -8
-8 21 1 -8
-8
-5 1 22 -9 23 24 -10 -11 25
-9 -7
-9
-10 -10 -4
-10
-11 -11 -12
-11
-12 -13
-12 -14
-12 -15
-12 -16
-12 -17
-12 -18
-12 -19
-12 -20
-12 -21
-12 -22
-13 1 39 -24 20
-14 13 1 20
-15 10 1 20
-16 -25 20
-25 1 22 -26 23
-26 -24 -27
-26
-27 21 -24 -27
-27
-17 11 22 -24 23 24 -11 25 -28 -29
-28 -28 15 22 -24 23 24 -11 25
-28
-29 6 24 -11 25
-29
-18 17 22 -24 23 24 -11 25
-19 12 24 -11 25 17 22 -24 23 20
-20 8 20
-21 9 -24 20
-22 20
-24 -30
-30 -30 7 -31
-30 -31
-31 -31 5 -32
-31 -32
-32 -32 -33 -34
-32 -34
-33 26
-33 27
-34 -34 -35 -36
-34 -36
-35 28
-35 29
-35 30
-35 31
-36 -36 -37 -38
-36 -38
-37 32
-37 33
-38 -38 -39 -40
-38 -40
-39 34
-39 35
-39 36
-40 -41 -40
-40 -42
-41 32
-41 33
-41 16
-42 1
-42 -25
-42 -43
-42 -44
-42 22 -24 23
-43 37 -26 38
-44 18
-44 2
-44 3
-44 4