147
4
19 0 2
1 0 2
40 0 2
-2 1 1
6
19 2 5
1 2 6
40 3 -1
-3 1 2
-4 1 3
-5 1 4
3
19 0 1
1 0 1
40 0 1
3
19 0 3
1 0 3
40 0 3
3
19 0 4
1 0 4
40 0 4
3
1 2 9
-6 1 7
-7 1 8
1
22 2 10
1
20 2 11
1
20 0 6
4
20 0 9
21 2 13
23 0 9
-8 1 12
4
1 2 9
23 0 12
-7 1 15
-9 1 14
12
19 0 5
20 0 5
1 0 5
25 0 5
13 0 5
10 0 5
11 0 5
17 0 5
12 0 5
8 0 5
9 0 5
40 0 5
2
20 0 7
23 0 7
1
1 2 16
1
23 2 17
1
23 0 11
4
20 0 9
21 2 13
23 0 9
-8 1 18
1
24 2 19
2
20 0 8
23 0 8
13
19 0 14
20 0 14
1 0 14
25 0 14
13 0 14
10 0 14
11 0 14
17 0 14
12 0 14
8 0 14
9 0 14
40 0 14
-10 1 20
13
19 2 5
20 0 16
1 0 16
25 0 16
13 0 16
10 0 16
11 0 16
17 0 16
12 0 16
8 0 16
9 0 16
-4 1 22
-11 1 21
22
20 2 44
1 2 35
25 2 23
13 2 36
10 2 37
11 2 39
17 2 40
12 2 41
8 2 42
9 2 43
-12 1 24
-13 1 25
-14 1 26
-15 1 27
-16 1 28
-25 1 38
-17 1 29
-18 1 30
-19 1 31
-20 1 32
-21 1 33
-22 1 34
12
19 0 13
20 0 13
1 0 13
25 0 13
13 0 13
10 0 13
11 0 13
17 0 13
12 0 13
8 0 13
9 0 13
40 0 13
3
19 0 10
1 0 10
40 0 10
10
20 0 15
1 0 15
25 0 15
13 0 15
10 0 15
11 0 15
17 0 15
12 0 15
8 0 15
9 0 15
10
20 0 17
1 0 17
25 0 17
13 0 17
10 0 17
11 0 17
17 0 17
12 0 17
8 0 17
9 0 17
10
20 0 18
1 0 18
25 0 18
13 0 18
10 0 18
11 0 18
17 0 18
12 0 18
8 0 18
9 0 18
10
20 0 19
1 0 19
25 0 19
13 0 19
10 0 19
11 0 19
17 0 19
12 0 19
8 0 19
9 0 19
10
20 0 20
1 0 20
25 0 20
13 0 20
10 0 20
11 0 20
17 0 20
12 0 20
8 0 20
9 0 20
10
20 0 21
1 0 21
25 0 21
13 0 21
10 0 21
11 0 21
17 0 21
12 0 21
8 0 21
9 0 21
10
20 0 22
1 0 22
25 0 22
13 0 22
10 0 22
11 0 22
17 0 22
12 0 22
8 0 22
9 0 22
10
20 0 23
1 0 23
25 0 23
13 0 23
10 0 23
11 0 23
17 0 23
12 0 23
8 0 23
9 0 23
10
20 0 24
1 0 24
25 0 24
13 0 24
10 0 24
11 0 24
17 0 24
12 0 24
8 0 24
9 0 24
10
20 0 25
1 0 25
25 0 25
13 0 25
10 0 25
11 0 25
17 0 25
12 0 25
8 0 25
9 0 25
10
20 0 26
1 0 26
25 0 26
13 0 26
10 0 26
11 0 26
17 0 26
12 0 26
8 0 26
9 0 26
2
22 2 46
39 2 45
1
1 2 47
1
1 2 48
1
20 2 49
1
22 2 50
1
22 2 51
1
24 2 52
1
20 2 53
23
1 2 67
22 2 71
32 2 64
33 2 65
16 2 66
37 2 72
18 2 73
2 2 74
3 2 75
4 2 76
-25 1 68
-24 1 54
-30 1 55
-31 1 56
-32 1 57
-34 1 58
-36 1 59
-38 1 60
-40 1 61
-41 1 62
-42 1 63
-43 1 69
-44 1 70
10
20 0 45
1 0 45
25 0 45
13 0 45
10 0 45
11 0 45
17 0 45
12 0 45
8 0 45
9 0 45
23
1 2 67
22 2 71
32 2 64
33 2 65
16 2 66
37 2 72
18 2 73
2 2 74
3 2 75
4 2 76
-25 1 68
-24 1 77
-30 1 55
-31 1 56
-32 1 57
-34 1 58
-36 1 59
-38 1 60
-40 1 61
-41 1 62
-42 1 63
-43 1 69
-44 1 70
26
1 2 67
22 2 71
23 0 33
32 2 64
33 2 65
16 2 66
37 2 72
38 0 33
18 2 73
2 2 74
3 2 75
4 2 76
-25 1 68
-26 1 78
-24 1 79
-30 1 55
-31 1 56
-32 1 57
-34 1 58
-36 1 59
-38 1 60
-40 1 61
-41 1 62
-42 1 63
-43 1 69
-44 1 70
1
20 2 80
1
20 2 81
10
20 0 30
1 0 30
25 0 30
13 0 30
10 0 30
11 0 30
17 0 30
12 0 30
8 0 30
9 0 30
23
1 2 67
22 2 71
32 2 64
33 2 65
16 2 66
37 2 72
18 2 73
2 2 74
3 2 75
4 2 76
-25 1 68
-24 1 82
-30 1 55
-31 1 56
-32 1 57
-34 1 58
-36 1 59
-38 1 60
-40 1 61
-41 1 62
-42 1 63
-43 1 69
-44 1 70
23
1 2 67
22 2 71
32 2 64
33 2 65
16 2 66
37 2 72
18 2 73
2 2 74
3 2 75
4 2 76
-25 1 68
-24 1 83
-30 1 55
-31 1 56
-32 1 57
-34 1 58
-36 1 59
-38 1 60
-40 1 61
-41 1 62
-42 1 63
-43 1 69
-44 1 70
11
20 0 16
1 0 16
25 0 16
13 0 16
10 0 16
11 0 16
17 0 16
12 0 16
8 0 16
9 0 16
-11 1 84
10
20 0 43
1 0 43
25 0 43
13 0 43
10 0 43
11 0 43
17 0 43
12 0 43
8 0 43
9 0 43
1
20 2 85
5
20 0 46
21 0 46
23 0 46
7 2 86
38 0 46
6
20 0 48
21 0 48
23 0 48
7 0 48
5 2 87
38 0 48
9
20 0 50
21 0 50
23 0 50
7 0 50
5 0 50
26 2 89
27 2 90
38 0 50
-33 1 88
13
20 0 52
21 0 52
23 0 52
7 0 52
5 0 52
26 0 52
27 0 52
28 2 92
29 2 93
30 2 94
31 2 95
38 0 52
-35 1 91
15
20 0 56
21 0 56
23 0 56
7 0 56
5 0 56
26 0 56
27 0 56
28 0 56
29 0 56
30 0 56
31 0 56
32 2 97
33 2 98
38 0 56
-37 1 96
18
20 0 62
21 0 62
23 0 62
7 0 62
5 0 62
26 0 62
27 0 62
28 0 62
29 0 62
30 0 62
31 0 62
32 0 62
33 0 62
34 2 100
35 2 101
36 2 102
38 0 62
-39 1 99
17
20 0 66
21 0 66
23 0 66
7 0 66
5 0 66
26 0 66
27 0 66
28 0 66
29 0 66
30 0 66
31 0 66
32 0 66
33 0 66
34 0 66
35 0 66
36 0 66
38 0 66
16
1 2 67
22 2 71
32 2 64
33 2 65
16 2 66
37 2 72
18 2 73
2 2 74
3 2 75
4 2 76
-25 1 68
-40 1 103
-41 1 62
-42 1 63
-43 1 69
-44 1 70
17
20 0 71
21 0 71
23 0 71
7 0 71
5 0 71
26 0 71
27 0 71
28 0 71
29 0 71
30 0 71
31 0 71
32 0 71
33 0 71
34 0 71
35 0 71
36 0 71
38 0 71
10
1 0 72
22 0 72
32 0 72
33 0 72
16 0 72
37 0 72
18 0 72
2 0 72
3 0 72
4 0 72
10
1 0 73
22 0 73
32 0 73
33 0 73
16 0 73
37 0 73
18 0 73
2 0 73
3 0 73
4 0 73
10
1 0 74
22 0 74
32 0 74
33 0 74
16 0 74
37 0 74
18 0 74
2 0 74
3 0 74
4 0 74
18
20 0 75
21 0 75
22 2 46
23 0 75
7 0 75
5 0 75
26 0 75
27 0 75
28 0 75
29 0 75
30 0 75
31 0 75
32 0 75
33 0 75
34 0 75
35 0 75
36 0 75
38 0 75
17
20 0 76
21 0 76
23 0 76
7 0 76
5 0 76
26 0 76
27 0 76
28 0 76
29 0 76
30 0 76
31 0 76
32 0 76
33 0 76
34 0 76
35 0 76
36 0 76
38 0 76
17
20 0 77
21 0 77
23 0 77
7 0 77
5 0 77
26 0 77
27 0 77
28 0 77
29 0 77
30 0 77
31 0 77
32 0 77
33 0 77
34 0 77
35 0 77
36 0 77
38 0 77
17
20 0 78
21 0 78
23 0 78
7 0 78
5 0 78
26 0 78
27 0 78
28 0 78
29 0 78
30 0 78
31 0 78
32 0 78
33 0 78
34 0 78
35 0 78
36 0 78
38 0 78
23
1 2 67
22 2 71
32 2 64
33 2 65
16 2 66
37 2 72
18 2 73
2 2 74
3 2 75
4 2 76
-25 1 68
-24 1 104
-30 1 55
-31 1 56
-32 1 57
-34 1 58
-36 1 59
-38 1 60
-40 1 61
-41 1 62
-42 1 63
-43 1 69
-44 1 70
26
1 2 67
22 2 71
23 0 33
32 2 64
33 2 65
16 2 66
37 2 72
38 0 33
18 2 73
2 2 74
3 2 75
4 2 76
-25 1 68
-26 1 105
-24 1 79
-30 1 55
-31 1 56
-32 1 57
-34 1 58
-36 1 59
-38 1 60
-40 1 61
-41 1 62
-42 1 63
-43 1 69
-44 1 70
17
20 0 81
21 0 81
23 0 81
7 0 81
5 0 81
26 0 81
27 0 81
28 0 81
29 0 81
30 0 81
31 0 81
32 0 81
33 0 81
34 0 81
35 0 81
36 0 81
38 0 81
17
20 0 82
21 0 82
23 0 82
7 0 82
5 0 82
26 0 82
27 0 82
28 0 82
29 0 82
30 0 82
31 0 82
32 0 82
33 0 82
34 0 82
35 0 82
36 0 82
38 0 82
17
20 0 83
21 0 83
23 0 83
7 0 83
5 0 83
26 0 83
27 0 83
28 0 83
29 0 83
30 0 83
31 0 83
32 0 83
33 0 83
34 0 83
35 0 83
36 0 83
38 0 83
17
20 0 84
21 0 84
23 0 84
7 0 84
5 0 84
26 0 84
27 0 84
28 0 84
29 0 84
30 0 84
31 0 84
32 0 84
33 0 84
34 0 84
35 0 84
36 0 84
38 0 84
1
20 2 106
1
23 2 107
4
21 2 109
23 0 35
38 0 35
-27 1 108
10
20 0 28
1 0 28
25 0 28
13 0 28
10 0 28
11 0 28
17 0 28
12 0 28
8 0 28
9 0 28
10
20 0 29
1 0 29
25 0 29
13 0 29
10 0 29
11 0 29
17 0 29
12 0 29
8 0 29
9 0 29
1
23 2 110
1
23 2 111
22
20 2 44
1 2 35
25 2 112
13 2 36
10 2 37
11 2 39
17 2 40
12 2 41
8 2 42
9 2 43
-12 1 24
-13 1 25
-14 1 26
-15 1 27
-16 1 28
-25 1 38
-17 1 29
-18 1 30
-19 1 31
-20 1 32
-21 1 33
-22 1 34
10
20 0 44
1 0 44
25 0 44
13 0 44
10 0 44
11 0 44
17 0 44
12 0 44
8 0 44
9 0 44
21
1 2 67
22 2 71
32 2 64
33 2 65
16 2 66
37 2 72
18 2 73
2 2 74
3 2 75
4 2 76
-25 1 68
-31 1 113
-32 1 57
-34 1 58
-36 1 59
-38 1 60
-40 1 61
-41 1 62
-42 1 63
-43 1 69
-44 1 70
20
1 2 67
22 2 71
32 2 64
33 2 65
16 2 66
37 2 72
18 2 73
2 2 74
3 2 75
4 2 76
-25 1 68
-32 1 114
-34 1 58
-36 1 59
-38 1 60
-40 1 61
-41 1 62
-42 1 63
-43 1 69
-44 1 70
19
1 2 67
22 2 71
32 2 64
33 2 65
16 2 66
37 2 72
18 2 73
2 2 74
3 2 75
4 2 76
-25 1 68
-34 1 115
-36 1 59
-38 1 60
-40 1 61
-41 1 62
-42 1 63
-43 1 69
-44 1 70
10
1 0 53
22 0 53
32 0 53
33 0 53
16 0 53
37 0 53
18 0 53
2 0 53
3 0 53
4 0 53
10
1 0 54
22 0 54
32 0 54
33 0 54
16 0 54
37 0 54
18 0 54
2 0 54
3 0 54
4 0 54
18
1 2 67
22 2 71
32 2 64
33 2 65
16 2 66
37 2 72
18 2 73
2 2 74
3 2 75
4 2 76
-25 1 68
-36 1 116
-38 1 60
-40 1 61
-41 1 62
-42 1 63
-43 1 69
-44 1 70
10
1 0 57
22 0 57
32 0 57
33 0 57
16 0 57
37 0 57
18 0 57
2 0 57
3 0 57
4 0 57
10
1 0 58
22 0 58
32 0 58
33 0 58
16 0 58
37 0 58
18 0 58
2 0 58
3 0 58
4 0 58
10
1 0 59
22 0 59
32 0 59
33 0 59
16 0 59
37 0 59
18 0 59
2 0 59
3 0 59
4 0 59
10
1 0 60
22 0 60
32 0 60
33 0 60
16 0 60
37 0 60
18 0 60
2 0 60
3 0 60
4 0 60
17
1 2 67
22 2 71
32 2 64
33 2 65
16 2 66
37 2 72
18 2 73
2 2 74
3 2 75
4 2 76
-25 1 68
-38 1 117
-40 1 61
-41 1 62
-42 1 63
-43 1 69
-44 1 70
10
1 0 63
22 0 63
32 0 63
33 0 63
16 0 63
37 0 63
18 0 63
2 0 63
3 0 63
4 0 63
10
1 0 64
22 0 64
32 0 64
33 0 64
16 0 64
37 0 64
18 0 64
2 0 64
3 0 64
4 0 64
16
1 2 67
22 2 71
32 2 64
33 2 65
16 2 66
37 2 72
18 2 73
2 2 74
3 2 75
4 2 76
-25 1 68
-40 1 118
-41 1 62
-42 1 63
-43 1 69
-44 1 70
10
1 0 67
22 0 67
32 0 67
33 0 67
16 0 67
37 0 67
18 0 67
2 0 67
3 0 67
4 0 67
10
1 0 68
22 0 68
32 0 68
33 0 68
16 0 68
37 0 68
18 0 68
2 0 68
3 0 68
4 0 68
10
1 0 69
22 0 69
32 0 69
33 0 69
16 0 69
37 0 69
18 0 69
2 0 69
3 0 69
4 0 69
17
20 0 70
21 0 70
23 0 70
7 0 70
5 0 70
26 0 70
27 0 70
28 0 70
29 0 70
30 0 70
31 0 70
32 0 70
33 0 70
34 0 70
35 0 70
36 0 70
38 0 70
1
23 2 119
1
38 2 120
10
20 0 27
1 0 27
25 0 27
13 0 27
10 0 27
11 0 27
17 0 27
12 0 27
8 0 27
9 0 27
17
20 0 31
21 0 31
23 0 31
7 0 31
5 0 31
26 0 31
27 0 31
28 0 31
29 0 31
30 0 31
31 0 31
32 0 31
33 0 31
34 0 31
35 0 31
36 0 31
38 0 31
2
23 0 32
38 0 32
23
1 2 67
22 2 71
32 2 64
33 2 65
16 2 66
37 2 72
18 2 73
2 2 74
3 2 75
4 2 76
-25 1 68
-24 1 121
-30 1 55
-31 1 56
-32 1 57
-34 1 58
-36 1 59
-38 1 60
-40 1 61
-41 1 62
-42 1 63
-43 1 69
-44 1 70
1
24 2 122
1
24 2 123
1
17 2 124
6
20 0 47
21 0 47
23 0 47
7 0 47
5 2 87
38 0 47
9
20 0 49
21 0 49
23 0 49
7 0 49
5 0 49
26 2 89
27 2 90
38 0 49
-33 1 88
13
20 0 51
21 0 51
23 0 51
7 0 51
5 0 51
26 0 51
27 0 51
28 2 92
29 2 93
30 2 94
31 2 95
38 0 51
-35 1 91
15
20 0 55
21 0 55
23 0 55
7 0 55
5 0 55
26 0 55
27 0 55
28 0 55
29 0 55
30 0 55
31 0 55
32 2 97
33 2 98
38 0 55
-37 1 96
18
20 0 61
21 0 61
23 0 61
7 0 61
5 0 61
26 0 61
27 0 61
28 0 61
29 0 61
30 0 61
31 0 61
32 0 61
33 0 61
34 2 100
35 2 101
36 2 102
38 0 61
-39 1 99
17
20 0 65
21 0 65
23 0 65
7 0 65
5 0 65
26 0 65
27 0 65
28 0 65
29 0 65
30 0 65
31 0 65
32 0 65
33 0 65
34 0 65
35 0 65
36 0 65
38 0 65
17
20 0 79
21 0 79
23 0 79
7 0 79
5 0 79
26 0 79
27 0 79
28 0 79
29 0 79
30 0 79
31 0 79
32 0 79
33 0 79
34 0 79
35 0 79
36 0 79
38 0 79
17
20 0 80
21 0 80
23 0 80
7 0 80
5 0 80
26 0 80
27 0 80
28 0 80
29 0 80
30 0 80
31 0 80
32 0 80
33 0 80
34 0 80
35 0 80
36 0 80
38 0 80
4
21 2 109
23 0 35
38 0 35
-27 1 125
11
20 0 16
1 0 16
25 0 16
13 0 16
10 0 16
11 0 16
17 0 16
12 0 16
8 0 16
9 0 16
-11 1 126
11
20 0 16
1 0 16
25 0 16
13 0 16
10 0 16
11 0 16
17 0 16
12 0 16
8 0 16
9 0 16
-11 1 127
1
22 2 128
2
23 0 34
38 0 34
22
20 2 44
1 2 35
25 2 129
13 2 36
10 2 37
11 2 39
17 2 40
12 2 41
8 2 42
9 2 43
-12 1 24
-13 1 25
-14 1 26
-15 1 27
-16 1 28
-25 1 38
-17 1 29
-18 1 30
-19 1 31
-20 1 32
-21 1 33
-22 1 34
22
20 2 44
1 2 35
25 2 130
13 2 36
10 2 37
11 2 39
17 2 40
12 2 41
8 2 42
9 2 43
-12 1 24
-13 1 25
-14 1 26
-15 1 27
-16 1 28
-25 1 38
-17 1 29
-18 1 30
-19 1 31
-20 1 32
-21 1 33
-22 1 34
23
1 2 67
22 2 71
32 2 64
33 2 65
16 2 66
37 2 72
18 2 73
2 2 74
3 2 75
4 2 76
-25 1 68
-24 1 131
-30 1 55
-31 1 56
-32 1 57
-34 1 58
-36 1 59
-38 1 60
-40 1 61
-41 1 62
-42 1 63
-43 1 69
-44 1 70
13
20 0 38
1 0 38
25 0 38
13 0 38
10 0 38
11 0 38
15 0 38
6 0 38
17 0 38
12 0 38
8 0 38
9 0 38
-28 1 132
10
20 0 41
1 0 41
25 0 41
13 0 41
10 0 41
11 0 41
17 0 41
12 0 41
8 0 41
9 0 41
1
23 2 133
13
20 0 40
1 0 40
25 0 40
13 0 40
10 0 40
11 0 40
15 2 135
6 2 136
17 0 40
12 0 40
8 0 40
9 0 40
-29 1 134
1
20 2 137
10
20 0 36
1 0 36
25 0 36
13 0 36
10 0 36
11 0 36
17 0 36
12 0 36
8 0 36
9 0 36
1
22 2 138
1
24 2 139
10
20 0 42
1 0 42
25 0 42
13 0 42
10 0 42
11 0 42
17 0 42
12 0 42
8 0 42
9 0 42
23
1 2 67
22 2 71
32 2 64
33 2 65
16 2 66
37 2 72
18 2 73
2 2 74
3 2 75
4 2 76
-25 1 68
-24 1 140
-30 1 55
-31 1 56
-32 1 57
-34 1 58
-36 1 59
-38 1 60
-40 1 61
-41 1 62
-42 1 63
-43 1 69
-44 1 70
11
20 0 16
1 0 16
25 0 16
13 0 16
10 0 16
11 0 16
17 0 16
12 0 16
8 0 16
9 0 16
-11 1 141
1
23 2 142
22
20 2 44
1 2 35
25 2 143
13 2 36
10 2 37
11 2 39
17 2 40
12 2 41
8 2 42
9 2 43
-12 1 24
-13 1 25
-14 1 26
-15 1 27
-16 1 28
-25 1 38
-17 1 29
-18 1 30
-19 1 31
-20 1 32
-21 1 33
-22 1 34
1
24 2 144
10
20 0 39
1 0 39
25 0 39
13 0 39
10 0 39
11 0 39
17 0 39
12 0 39
8 0 39
9 0 39
11
20 0 16
1 0 16
25 0 16
13 0 16
10 0 16
11 0 16
17 0 16
12 0 16
8 0 16
9 0 16
-11 1 145
22
20 2 44
1 2 35
25 2 146
13 2 36
10 2 37
11 2 39
17 2 40
12 2 41
8 2 42
9 2 43
-12 1 24
-13 1 25
-14 1 26
-15 1 27
-16 1 28
-25 1 38
-17 1 29
-18 1 30
-19 1 31
-20 1 32
-21 1 33
-22 1 34
12
20 0 37
1 0 37
25 0 37
13 0 37
10 0 37
11 0 37
15 0 37
6 0 37
17 0 37
12 0 37
8 0 37
9 0 37
